
     Distance from Motionless Ion, mkm ( Entries 424 )

3.363301, 3.463658, 4.262821, 5.774997, 6.087993, 6.202212, 6.579468, 7.505227, 7.780728, 8.405371
8.606737, 9.105153, 9.744992, 9.966320, 10.280795, 10.937209, 11.263424, 11.715175, 12.054296, 12.159660
12.660668, 12.992907, 13.727792, 14.053173, 14.292803, 14.660245, 15.214248, 15.466848, 16.104632, 16.439622
16.632149, 17.247680, 17.552620, 17.937709, 18.432288, 18.759458, 19.285590, 19.656562, 20.053168, 20.252333
20.514288, 21.099515, 21.301159, 21.773419, 22.371042, 22.801067, 23.067707, 23.526807, 23.865063, 24.397612
24.834722, 25.237020, 25.421705, 25.908450, 26.133629, 26.794498, 27.007629, 27.404911, 27.782936, 28.406880
28.536955, 29.229554, 29.327199, 29.947063, 30.411212, 30.470455, 30.993866, 31.392342, 31.760893, 32.276283
32.763673, 33.102235, 33.630906, 33.648989, 34.367248, 34.616498, 35.209416, 35.519314, 35.841874, 36.357326
36.504611, 37.032783, 37.549771, 37.825135, 38.311237, 38.619785, 39.107821, 39.527631, 39.745593, 40.147263
40.493761, 41.132056, 41.428270, 41.892171, 42.224822, 42.496626, 42.797033, 43.205489, 43.976210, 44.261509
44.704052, 44.960020, 45.278915, 45.952691, 46.045100, 46.724596, 47.115037, 47.538578, 47.726692, 48.087034
48.729368, 48.843755, 49.429308, 49.718474, 49.985379, 50.391928, 50.916712, 51.530753, 51.928417, 52.200023
52.610695, 52.869796, 53.261077, 53.764543, 54.212896, 54.353029, 54.994493, 55.514050, 55.766105, 56.143603
56.627789, 56.990632, 57.193101, 57.809272, 58.310201, 58.672545, 59.037545, 59.504224, 59.789565, 60.048444
60.641532, 60.796214, 61.347831, 61.587680, 61.941305, 62.392026, 62.916981, 63.293680, 63.488935, 64.275800
64.510334, 64.853563, 65.289684, 65.796984, 66.086642, 66.349530, 66.919066, 67.439527, 67.773224, 68.195944
68.287386, 68.687012, 69.221683, 69.772926, 70.149272, 70.374443, 70.699371, 71.109750, 71.585851, 72.104011
72.638329, 72.975519, 73.314396, 73.631230, 74.030212, 74.492472, 74.995342, 75.129696, 75.513961, 76.041605
76.568146, 76.956571, 77.405998, 77.599530, 77.894673, 78.398698, 78.993526, 79.207165, 79.509557, 79.888179
80.325678, 80.801143, 81.291568, 81.773378, 82.159059, 82.454984, 82.824480, 83.250864, 83.714009, 84.103979
84.191735, 84.906877, 85.114117, 85.764990, 85.818545, 86.180997, 86.632625, 87.098469, 87.749188, 88.072020
88.356275, 88.709293, 89.115587, 89.556429, 90.011134, 90.458424, 90.830842, 91.311464, 91.657021, 92.054209
92.484929, 92.929172, 93.081578, 93.677525, 93.995286, 94.269304, 94.607855, 94.996488, 95.417693, 95.852093
96.279713, 96.763472, 97.229551, 97.561513, 97.942096, 98.354340, 98.779463, 99.198086, 99.613758, 99.927025
100.191993, 100.890739, 101.294531, 101.301982, 101.710898, 102.121023, 102.703265, 103.156441, 103.476335, 103.842160
104.237966, 104.646056, 105.048143, 105.426503, 106.050299, 106.272108, 106.766808, 106.918392, 107.628479, 107.744857
108.133812, 108.775417, 108.963906, 109.632563, 109.662296, 110.154072, 110.656729, 111.038720, 111.491628, 111.666854
112.419134, 112.505165, 112.943450, 113.573038, 113.948406, 114.286089, 114.563724, 115.187977, 115.384104, 115.743217
116.361465, 116.678210, 117.090576, 117.438430, 117.967981, 118.114679, 118.552636, 119.042134, 119.417510, 119.641016
120.143411, 120.643728, 121.138621, 121.507520, 121.872630, 122.188445, 122.653913, 122.939932, 123.553423, 123.794204
124.096255, 124.436785, 125.004067, 125.567000, 125.612654, 126.329824, 126.647627, 126.937228, 127.278626, 127.822053
127.971871, 128.386624, 129.116096, 129.507543, 129.785225, 130.127435, 130.648014, 131.000230, 131.214118, 131.911614
132.232808, 132.695937, 133.102380, 133.479632, 133.713387, 134.085421, 134.475448, 134.734631, 135.237993, 135.776183
136.194165, 136.438430, 137.064360, 137.256299, 137.778063, 138.264655, 138.463230, 138.836897, 139.196962, 139.605013
140.204885, 140.429368, 140.794558, 141.157560, 141.778666, 142.224790, 142.354948, 142.765847, 143.342479, 143.751545
144.135203, 144.620230, 144.929983, 145.398711, 145.701667, 145.913548, 146.656382, 146.991793, 147.386404, 147.560465
148.072048, 148.625322, 148.901111, 149.372237, 149.791264, 150.106724, 150.585040, 150.841945, 151.396963, 151.685490
151.903359, 152.604086, 152.837400, 153.124273, 153.603770, 153.912661, 154.451162, 154.993775, 155.288540, 155.679792
155.991712, 156.257727, 157.014835, 157.216300, 157.493873, 158.017454, 158.250808, 158.861717, 159.180908, 159.593612
160.011048, 160.253397, 160.836578, 161.022521, 161.709427, 162.186774, 162.544508, 162.730100, 163.165760, 163.562282
163.976099, 164.357184, 164.743122, 165.093502, 165.614100, 166.025624, 166.453536, 166.777263, 167.166211, 167.734467
168.080221, 168.346324, 168.947815, 169.215817, 169.607647, 169.965889, 170.520935, 170.766682, 171.212812, 171.672060
172.114359, 172.344832, 172.768720, 173.090388

             Population ( Entries 424 )

1, 1, 2, 2, 3, 2, 3, 1, 3, 3
1, 4, 1, 4, 3, 2, 3, 2, 6, 2
8, 3, 6, 5, 5, 11, 12, 5, 10, 10
9, 12, 6, 12, 10, 12, 14, 11, 11, 12
9, 19, 13, 13, 17, 14, 13, 20, 24, 25
32, 26, 47, 40, 33, 44, 32, 33, 28, 38
25, 27, 20, 38, 31, 25, 28, 22, 33, 38
29, 21, 23, 42, 32, 21, 22, 22, 42, 32
20, 35, 18, 26, 50, 34, 24, 28, 25, 30
52, 27, 35, 31, 30, 39, 43, 30, 32, 42
31, 34, 50, 34, 32, 29, 38, 41, 47, 48
39, 48, 57, 57, 64, 86, 71, 57, 62, 50
51, 73, 47, 60, 56, 37, 54, 57, 61, 56
47, 54, 56, 49, 46, 62, 50, 48, 40, 37
56, 62, 55, 46, 56, 53, 43, 48, 55, 65
53, 36, 52, 47, 58, 61, 47, 47, 49, 54
61, 52, 62, 45, 60, 59, 47, 45, 50, 65
64, 50, 59, 61, 68, 84, 105, 79, 83, 83
68, 83, 72, 65, 69, 58, 66, 79, 68, 52
68, 67, 61, 90, 56, 58, 62, 63, 56, 80
57, 53, 58, 62, 58, 80, 63, 62, 57, 56
67, 79, 54, 54, 50, 63, 64, 69, 68, 69
55, 47, 54, 74, 85, 47, 77, 50, 57, 66
70, 64, 65, 71, 65, 68, 82, 97, 106, 100
101, 83, 85, 93, 72, 81, 67, 82, 96, 54
80, 62, 60, 65, 73, 56, 51, 57, 68, 57
42, 56, 48, 61, 67, 48, 56, 46, 41, 58
72, 43, 49, 44, 50, 52, 64, 47, 40, 42
48, 59, 38, 39, 57, 43, 46, 43, 41, 44
49, 25, 52, 55, 33, 27, 30, 39, 45, 47
20, 29, 38, 33, 27, 40, 46, 29, 24, 24
27, 53, 40, 28, 18, 23, 41, 51, 21, 21
28, 32, 33, 38, 15, 25, 35, 37, 21, 24
28, 30, 37, 18, 22, 23, 42, 27, 22, 21
15, 26, 48, 24, 13, 17, 19, 29, 32, 32
13, 11, 22, 30, 18, 15, 12, 9, 20, 22
15, 11, 10, 14, 29, 9, 17, 10, 9, 15
20, 11, 11, 9, 15, 13, 18, 10, 11, 6
14, 20, 10, 9, 10, 3, 19, 19, 7, 7
10, 4, 15, 20, 6, 7, 9, 4, 11, 22
5, 6, 6, 6, 10, 21, 4, 5, 5, 6
10, 18, 4, 5, 4, 4, 8, 17, 4, 4
2, 1, 5, 2

      Log10 of Ratio eVca/Ekin ( Entries 424 )

-2.500598, -2.513367, -3.203979, -2.735384, -2.758306, -2.766379, -3.392473, -2.849196, -2.864852, -2.898389
-2.908671, -2.933119, -2.962614, -2.972367, -2.985859, -3.964905, -3.025503, -3.042581, -3.054974, -3.058754
-3.076289, -3.087539, -2.511292, -3.121607, -2.528808, -2.539832, -2.555941, -3.163234, -2.580642, -2.589583
-2.594639, -2.610422, -2.618033, -2.627458, -2.639270, -2.646911, -2.658924, -2.667198, -2.675874, -2.680166
-2.685747, -2.697963, -2.702094, -2.711618, -2.723377, -2.731646, -2.736695, -2.745254, -2.751454, -2.761038
-2.768750, -2.775729, -2.778896, -2.787132, -2.790891, -2.801737, -2.805177, -2.811519, -2.817469, -2.827114
-2.829099, -2.839513, -2.840962, -2.850045, -2.856725, -2.857570, -2.864967, -2.870515, -2.875584, -2.882574
-2.889084, -2.893548, -2.900429, -2.900663, -2.909836, -2.912974, -2.920350, -2.924155, -2.928082, -2.934283
-2.936039, -2.942277, -2.948298, -2.951471, -2.957017, -2.960501, -2.965955, -2.970592, -2.972980, -2.977347
-2.981079, -2.987871, -2.990988, -2.995824, -2.999259, -3.002045, -3.005105, -3.009230, -3.016909, -3.019717
-3.024038, -3.026517, -3.029587, -3.036002, -3.036874, -3.043236, -3.046850, -3.050737, -3.052452, -3.055719
-3.061482, -3.062500, -3.067675, -3.070209, -3.072534, -3.076052, -3.080551, -3.085757, -3.089096, -3.091362
-3.094765, -3.096899, -3.100101, -3.104187, -3.107794, -3.108915, -3.114010, -3.118094, -3.120061, -3.122991
-3.126721, -3.129494, -3.131035, -3.135688, -3.139435, -3.142126, -3.144819, -3.148239, -3.150316, -3.152193
-3.156461, -3.157567, -3.161490, -3.163185, -3.165671, -3.168820, -3.172459, -3.175051, -3.176389, -3.181738
-3.183320, -3.185625, -3.188535, -3.191897, -3.193805, -3.195529, -3.199241, -3.202605, -3.204749, -3.207449
-3.208031, -3.210566, -3.213933, -3.217378, -3.219714, -3.221106, -3.223106, -3.225620, -3.228518, -3.231650
-3.234857, -3.236868, -3.238880, -3.240753, -3.243100, -3.245803, -3.248725, -3.849644, -3.251718, -3.254742
-3.257739, -3.259937, -3.262466, -3.263550, -3.265199, -3.268000, -3.271282, -3.272455, -3.274110, -3.276173
-3.278545, -3.281108, -3.283736, -3.286303, -3.288346, -3.289908, -3.291850, -3.294080, -3.296489, -3.898649
-3.298960, -3.302634, -3.303693, -3.307001, -3.307272, -3.309102, -3.311372, -3.313701, -3.316934, -3.318529
-3.319928, -3.321660, -3.323645, -3.325788, -3.327987, -3.330140, -3.331924, -3.334216, -3.335857, -3.337735
-3.339762, -3.341843, -3.942696, -3.345326, -3.346797, -3.348061, -3.349618, -3.351398, -3.353320, -3.355293
-3.357226, -3.359402, -3.361489, -3.362969, -3.364660, -3.366484, -3.368358, -3.370194, -3.372010, -3.373374
-3.374524, -3.377542, -3.379277, -3.979450, -3.381058, -3.382806, -3.385275, -3.387187, -3.388532, -3.390065
-3.391717, -3.393414, -3.395079, -3.396641, -3.399203, -3.400110, -4.001141, -4.001757, -4.004631, -4.005101
-4.006666, -4.009235, -4.009987, -4.012644, -4.012762, -4.014705, -4.016682, -4.018179, -4.019947, -4.020629
-4.023544, -4.023877, -4.025565, -4.027980, -4.029413, -4.030698, -4.031751, -4.034111, -4.034850, -4.036200
-4.038513, -4.039694, -4.041226, -4.042514, -4.044468, -4.646586, -4.046615, -4.649983, -4.049772, -4.050584
-4.052404, -4.054209, -4.657565, -4.057307, -5.262128, -4.059734, -4.061386, -4.413846, -4.416008, -4.416853
-4.417912, -4.419102, -4.421077, -4.423029, -4.423186, -4.425659, -4.426750, -4.427742, -4.428908, -4.430759
-4.431268, -4.432673, -4.435133, -4.436448, -4.437378, -4.438522, -4.440256, -4.441425, -4.442134, -4.444436
-4.445492, -4.447011, -4.448339, -4.449568, -4.450328, -4.451535, -4.452796, -4.453632, -4.455252, -4.456977
-4.458311, -4.459090, -4.461078, -4.461685, -4.463333, -4.464864, -4.465487, -4.466658, -4.467783, -4.469054
-4.470916, -4.471611, -4.472739, -4.473857, -4.475764, -4.477128, -4.477526, -4.478777, -4.480528, -4.481766
-5.686775, -5.086227, -4.485311, -5.690565, -4.487618, -5.692100, -4.740018, -4.741010, -4.742174, -4.742687
-4.744190, -4.745810, -4.746615, -4.747987, -4.749203, -4.750117, -4.751499, -4.752239, -4.753834, -4.754661
-4.755284, -4.757283, -4.757946, -4.758761, -4.760119, -4.760991, -4.762508, -4.764031, -4.764856, -4.765949
-4.766818, -4.767558, -4.769658, -4.770214, -4.770981, -4.772422, -4.773063, -4.774736, -4.775608, -4.776732
-4.777867, -4.778524, -4.780102, -4.780603, -5.384391, -4.783732, -4.784689, -4.785185, -4.786346, -4.787400
-5.390437, -4.789506, -4.790524, -4.791447, -4.792814, -4.793892, -5.396949, -4.795854, -4.796865, -4.798339
-4.799233, -4.799920, -5.403409, -4.802158, -4.803162, -4.804079, -4.805495, -4.806120, -5.409192, -4.808416
-6.013503, -6.014084, -4.811182, -6.015959

       Log10 of Ratio R_larmor/b ( Entries 424 )

0.566910, 0.554141, 0.764444, 0.332124, 0.309201, 0.301129, 0.575950, 0.218312, 0.202655, 0.169119
0.158837, 0.134388, 0.104894, 0.095141, 0.081649, 0.531137, 0.042005, 0.024927, 0.012534, 0.008754
-0.008781, -0.020031, -0.344955, -0.054099, -0.362472, -0.373496, -0.389605, -0.095726, -0.414305, -0.423246
-0.428303, -0.444085, -0.451696, -0.461121, -0.472934, -0.480575, -0.492587, -0.500862, -0.509537, -0.513830
-0.519411, -0.531627, -0.535758, -0.545281, -0.557041, -0.565310, -0.570359, -0.578917, -0.585117, -0.594702
-0.602414, -0.609393, -0.612559, -0.620796, -0.624554, -0.635400, -0.638841, -0.645183, -0.651133, -0.660778
-0.662762, -0.673177, -0.674625, -0.683709, -0.690388, -0.691233, -0.698630, -0.704178, -0.709247, -0.716238
-0.722747, -0.727212, -0.734093, -0.734326, -0.743499, -0.746638, -0.754013, -0.757819, -0.761745, -0.767946
-0.769702, -0.775941, -0.781962, -0.785135, -0.790681, -0.794164, -0.799618, -0.804255, -0.806643, -0.811010
-0.814743, -0.821535, -0.824651, -0.829487, -0.832922, -0.835709, -0.838768, -0.842893, -0.850572, -0.853381
-0.857701, -0.860181, -0.863250, -0.869665, -0.870538, -0.876900, -0.880514, -0.884401, -0.886116, -0.889382
-0.895145, -0.896163, -0.901339, -0.903872, -0.906197, -0.909715, -0.914215, -0.919421, -0.922760, -0.925025
-0.928428, -0.930562, -0.933764, -0.937850, -0.941457, -0.942578, -0.947674, -0.951757, -0.953725, -0.956655
-0.960384, -0.963158, -0.964698, -0.969352, -0.973099, -0.975789, -0.978483, -0.981902, -0.983980, -0.985856
-0.990125, -0.991231, -0.995154, -0.996848, -0.999335, -1.002484, -1.006122, -1.008715, -1.010052, -1.015402
-1.016984, -1.019288, -1.022199, -1.025560, -1.027468, -1.029192, -1.032904, -1.036269, -1.038413, -1.041113
-1.041695, -1.044229, -1.047597, -1.051041, -1.053378, -1.054769, -1.056770, -1.059284, -1.062182, -1.065314
-1.068520, -1.070532, -1.072544, -1.074417, -1.076763, -1.079467, -1.082389, -0.782136, -1.085382, -1.088406
-1.091403, -1.093600, -1.096129, -1.097214, -1.098862, -1.101663, -1.104946, -1.106119, -1.107774, -1.109837
-1.112209, -1.114772, -1.117400, -1.119966, -1.122010, -1.123571, -1.125513, -1.127743, -1.130153, -0.831141
-1.132624, -1.136297, -1.137356, -1.140664, -1.140936, -1.142766, -1.145036, -1.147365, -1.150598, -1.152192
-1.153592, -1.155324, -1.157308, -1.159451, -1.161651, -1.163803, -1.165588, -1.167880, -1.169520, -1.171398
-1.173425, -1.175507, -0.875188, -1.178990, -1.180461, -1.181725, -1.183282, -1.185062, -1.186983, -1.188956
-1.190889, -1.193066, -1.195153, -1.196633, -1.198324, -1.200148, -1.202021, -1.203858, -1.205674, -1.207037
-1.208187, -1.211206, -1.212940, -0.911942, -1.214722, -1.216470, -1.218939, -1.220851, -1.222195, -1.223728
-1.225380, -1.227077, -1.228743, -1.230304, -1.232866, -1.233774, -0.935326, -0.935942, -0.938816, -0.939286
-0.940851, -0.943420, -0.944172, -0.946829, -0.946947, -0.948890, -0.950867, -0.952364, -0.954132, -0.954814
-0.957729, -0.958062, -0.959750, -0.962164, -0.963598, -0.964883, -0.965936, -0.968296, -0.969035, -0.970385
-0.972698, -0.973879, -0.975411, -0.976699, -0.978653, -0.678163, -0.980800, -0.681560, -0.983957, -0.984769
-0.986589, -0.988394, -0.689142, -0.991492, -0.390735, -0.993919, -0.995571, -0.820679, -0.822841, -0.823687
-0.824745, -0.825935, -0.827911, -0.829862, -0.830020, -0.832492, -0.833583, -0.834575, -0.835742, -0.837592
-0.838101, -0.839506, -0.841967, -0.843281, -0.844212, -0.845355, -0.847089, -0.848258, -0.848967, -0.851269
-0.852326, -0.853844, -0.855172, -0.856401, -0.857161, -0.858368, -0.859629, -0.860466, -0.862085, -0.863810
-0.865145, -0.865923, -0.867911, -0.868519, -0.870167, -0.871698, -0.872321, -0.873491, -0.874616, -0.875887
-0.877750, -0.878444, -0.879572, -0.880691, -0.882597, -0.883962, -0.884359, -0.885611, -0.887361, -0.888599
-0.287697, -0.590185, -0.892145, -0.291487, -0.894451, -0.293022, -0.772443, -0.773435, -0.774599, -0.775112
-0.776615, -0.778235, -0.779040, -0.780412, -0.781628, -0.782542, -0.783924, -0.784664, -0.786259, -0.787086
-0.787709, -0.789708, -0.790372, -0.791186, -0.792544, -0.793416, -0.794933, -0.796456, -0.797281, -0.798374
-0.799243, -0.799983, -0.802083, -0.802640, -0.803406, -0.804847, -0.805488, -0.807161, -0.808033, -0.809157
-0.810292, -0.810949, -0.812527, -0.813029, -0.513847, -0.816157, -0.817114, -0.817610, -0.818771, -0.819825
-0.519892, -0.821931, -0.822949, -0.823872, -0.825239, -0.826317, -0.526405, -0.828279, -0.829290, -0.830764
-0.831659, -0.832346, -0.532865, -0.834583, -0.835587, -0.836504, -0.837920, -0.838545, -0.538648, -0.840842
-0.239899, -0.240480, -0.843607, -0.242355

        Approach1 Results:  deltaPx ( Entries 424 )

9.135014e+02, 8.613324e+02, 6.223515e+02, 5.417535e+02, 2.787998e+02, 2.686257e+02, 2.612452e+02, 3.207581e+02, 2.984453e+02, 4.678076e+02
4.461738e+02, 1.246425e+02, 3.480312e+02, 1.819012e+02, 1.709432e+02, 1.026976e+02, 4.283358e+02, 2.408150e+02, 7.111432e+01, 2.235312e+02
1.127177e+02, 1.070268e+02, 7.106132e+02, 1.673525e+02, 6.744716e+02, 6.230920e+02, 5.952473e+02, 7.552690e+01, 5.163368e+02, 5.098176e+02
4.980830e+02, 4.883494e+02, 4.715287e+02, 4.161987e+02, 4.055459e+02, 4.430597e+02, 3.905945e+02, 4.375221e+02, 3.330187e+02, 3.359297e+02
3.274052e+02, 3.797259e+02, 3.201736e+02, 3.288892e+02, 2.675853e+02, 2.650258e+02, 2.730129e+02, 2.624617e+02, 2.737648e+02, 3.349202e+02
2.171281e+02, 2.163328e+02, 2.247929e+02, 2.164258e+02, 2.282987e+02, 2.171759e+02, 2.317620e+02, 1.783109e+02, 1.785016e+02, 1.800300e+02
1.914642e+02, 1.824981e+02, 1.965504e+02, 1.493228e+02, 1.489810e+02, 1.564711e+02, 1.512309e+02, 2.442327e+02, 1.545672e+02, 1.913678e+02
1.247526e+02, 1.257430e+02, 1.378560e+02, 1.283063e+02, 1.320120e+02, 1.663680e+02, 1.363633e+02, 1.061465e+02, 1.072549e+02, 1.099026e+02
1.610657e+02, 1.136921e+02, 1.303839e+02, 1.181556e+02, 9.123937e+01, 9.238017e+01, 9.498713e+01, 1.081966e+02, 9.870175e+01, 1.140582e+02
1.030953e+02, 7.915417e+01, 8.027954e+01, 8.278015e+01, 9.481554e+01, 8.633640e+01, 1.003716e+02, 9.056019e+01, 6.924670e+01, 7.033088e+01
7.269394e+01, 8.363002e+01, 7.605203e+01, 8.005588e+01, 9.403058e+01, 6.133997e+01, 6.206966e+01, 6.428351e+01, 7.421514e+01, 6.742902e+01
7.119240e+01, 9.586421e+01, 7.524356e+01, 5.417502e+01, 5.514581e+01, 5.720975e+01, 6.014259e+01, 6.366228e+01, 7.959547e+01, 6.746787e+01
4.838231e+01, 4.929277e+01, 5.121204e+01, 5.393999e+01, 6.783139e+01, 5.722261e+01, 6.078550e+01, 4.345391e+01, 4.430552e+01, 4.608838e+01
4.862321e+01, 6.138030e+01, 5.168064e+01, 5.501022e+01, 3.938633e+01, 4.002475e+01, 4.168074e+01, 4.403593e+01, 5.576801e+01, 4.688260e+01
4.999172e+01, 6.511757e+01, 3.558248e+01, 3.632543e+01, 3.786442e+01, 4.005388e+01, 4.270507e+01, 5.708919e+01, 4.560813e+01, 3.241452e+01
3.310853e+01, 3.454016e+01, 3.657747e+01, 3.904840e+01, 5.236574e+01, 4.176021e+01, 4.451806e+01, 3.029489e+01, 3.162829e+01, 3.352631e+01
4.275185e+01, 3.583158e+01, 3.836667e+01, 4.095077e+01, 2.721374e+01, 2.782073e+01, 2.906437e+01, 3.083504e+01, 3.298836e+01, 3.536059e+01
3.778368e+01, 2.514666e+01, 2.563421e+01, 2.679587e+01, 2.845017e+01, 3.046424e+01, 3.268660e+01, 3.200973e+00, 3.496080e+01, 2.315966e+01
2.477968e+01, 2.632761e+01, 2.821408e+01, 3.996990e+01, 3.029862e+01, 3.243532e+01, 2.146108e+01, 2.196188e+01, 2.298017e+01, 2.443080e+01
2.620031e+01, 2.815810e+01, 3.016789e+01, 3.209775e+01, 2.041209e+01, 2.136772e+01, 2.272926e+01, 2.439145e+01, 2.623265e+01, 2.554302e+00
2.812529e+01, 1.857586e+01, 1.901933e+01, 2.119741e+01, 2.914313e+01, 2.276104e+01, 2.449489e+01, 2.627937e+01, 1.739196e+01, 1.776326e+01
1.860875e+01, 1.981365e+01, 2.128667e+01, 2.292160e+01, 2.460614e+01, 2.623013e+01, 1.623185e+01, 1.742374e+01, 1.855972e+01, 1.994931e+01
2.149297e+01, 2.308510e+01, 2.085344e+00, 1.526033e+01, 1.559503e+01, 1.634750e+01, 1.742001e+01, 1.873269e+01, 2.019206e+01, 2.169865e+01
2.315416e+01, 1.430249e+01, 1.536722e+01, 1.638120e+01, 1.762286e+01, 1.900428e+01, 2.043161e+01, 2.181182e+01, 1.349572e+01, 1.379852e+01
1.447191e+01, 1.660782e+01, 1.791705e+01, 1.376114e+01, 1.927085e+01, 2.058108e+01, 1.269598e+01, 1.365209e+01, 1.456199e+01, 1.567717e+01
1.691946e+01, 1.820498e+01, 1.945010e+01, 2.057666e+01, 2.221339e+01, 2.262763e+01, 2.650239e+01, 3.668616e+01, 2.228566e+01, 2.223754e+01
2.273846e+01, 2.373565e+01, 3.014117e+01, 2.513497e+01, 3.487325e+01, 3.204811e+01, 2.108260e+01, 2.156429e+01, 3.128377e+01, 2.252237e+01
3.318384e+01, 2.386781e+01, 3.048467e+01, 2.001379e+01, 2.047705e+01, 2.977260e+01, 2.139777e+01, 3.160769e+01, 2.269162e+01, 2.902769e+01
2.424890e+01, 3.462780e+01, 2.836349e+01, 2.594806e+01, 3.013553e+01, 2.795250e+01, 2.766821e+01, 3.089630e+01, 3.305738e+01, 2.929861e+01
3.471608e+01, 3.074452e+01, 2.983614e+01, 3.192994e+01, 2.725171e+00, 3.279789e+01, 3.330947e+01, 3.519207e+01, 2.936626e+01, 2.495219e+01
2.558293e+01, 2.544310e+01, 2.664847e+01, 2.641007e+01, 3.371040e+01, 2.808966e+01, 2.384049e+01, 2.445061e+01, 2.431961e+01, 2.548643e+01
2.977443e+01, 2.526278e+01, 2.689041e+01, 2.279918e+01, 2.338929e+01, 2.326644e+01, 2.439580e+01, 3.099464e+01, 2.418575e+01, 2.576275e+01
4.172136e+01, 2.545910e+01, 3.264684e+01, 2.736796e+01, 2.974959e+01, 3.905390e+01, 2.696413e+01, 4.018634e+01, 2.908260e+01, 3.137369e+01
3.364763e+01, 2.857309e+01, 3.078674e+01, 3.872330e+01, 3.287845e+01, 3.905732e+01, 3.016782e+01, 3.237887e+01, 3.623831e+01, 3.418564e+01
3.711168e+01, 3.164868e+01, 3.766630e+01, 3.523865e+01, 3.493057e+01, 3.293784e+01, 3.599911e+01, 3.579219e+01, 3.633916e+01, 3.397836e+01
2.848920e+01, 3.378143e+01, 3.473125e+01, 1.927800e+01, 3.517189e+01, 3.424737e+01, 2.427315e+01, 2.416250e+01, 2.736640e+01, 3.242072e+01
2.517529e+01, 2.498820e+01, 2.285048e+01, 3.441589e+01, 2.326779e+01, 2.638349e+01, 3.386375e+01, 2.425920e+01, 2.408165e+01, 4.312405e+01
3.327852e+01, 2.777780e+01, 2.544915e+01, 3.274995e+01, 2.519584e+01, 2.979984e+01, 3.218966e+01, 3.450310e+01, 2.682572e+01, 3.168358e+01
3.406305e+01, 2.649398e+01, 3.114708e+01, 3.921865e+01, 3.341637e+01, 2.827174e+01, 3.066245e+01, 3.962429e+01, 2.785997e+01, 3.014864e+01
3.237327e+01, 3.446272e+01, 2.968446e+01, 3.196784e+01, 2.944881e+01, 2.919227e+01, 3.137198e+01, 3.342168e+01, 3.504014e+01, 3.098277e+01
3.219826e+01, 3.588479e+01, 3.571685e+01, 3.041071e+01, 3.401178e+01, 3.210804e+01, 3.124694e+01, 3.485091e+01, 3.468892e+01, 3.145715e+01
3.302104e+01, 3.528521e+01, 3.033111e+01, 3.385368e+01, 3.369744e+01, 3.229241e+01, 3.412340e+01, 3.429207e+01, 3.202352e+01, 3.289187e+01
2.415598e+00, 1.062128e+01, 3.324126e+01, 3.233872e+01

        Approach1 Results:  deltaPy ( Entries 424 )

1.374707e+03, 1.296199e+03, 1.709279e+03, 1.369515e+03, 4.195594e+02, 4.042487e+02, 7.175059e+02, 8.108540e+02, 7.544490e+02, 1.032239e+03
9.845034e+02, 1.875717e+02, 7.679471e+02, 4.598335e+02, 4.321325e+02, 3.893111e+02, 7.535547e+02, 5.313695e+02, 1.070183e+02, 4.932321e+02
2.849424e+02, 2.705563e+02, 4.125821e+01, 3.692712e+02, 1.117907e+02, 3.617673e+01, 9.865959e+01, 1.909267e+02, 2.997852e+01, 8.450000e+01
8.255505e+01, 1.225753e+02, 1.183533e+02, 2.416450e+01, 6.721742e+01, 1.358267e+02, 9.803889e+01, 1.452767e+02, 1.933507e+01, 5.567884e+01
5.426595e+01, 1.260858e+02, 8.036330e+01, 1.008260e+02, 1.553601e+01, 4.392684e+01, 6.852600e+01, 6.587767e+01, 8.392677e+01, 1.040143e+02
1.260646e+01, 3.585620e+01, 5.642283e+01, 5.432270e+01, 6.998842e+01, 6.657856e+01, 7.695524e+01, 1.035273e+01, 2.958585e+01, 4.518738e+01
5.869626e+01, 5.594758e+01, 6.526344e+01, 8.669685e+00, 2.469294e+01, 3.927411e+01, 3.795882e+01, 4.309248e+01, 4.738493e+01, 5.943205e+01
7.243136e+00, 2.084134e+01, 4.226185e+01, 3.220477e+01, 4.047027e+01, 5.166798e+01, 4.527865e+01, 6.162865e+00, 1.777702e+01, 2.758547e+01
4.427478e+01, 3.485403e+01, 4.321848e+01, 3.923288e+01, 5.297359e+00, 1.531160e+01, 2.384169e+01, 3.592606e+01, 3.025852e+01, 3.780700e+01
3.423221e+01, 4.595692e+00, 1.330598e+01, 2.077775e+01, 3.148295e+01, 2.646773e+01, 3.327030e+01, 3.006999e+01, 4.020464e+00, 1.165703e+01
1.824612e+01, 2.776887e+01, 2.331490e+01, 2.658210e+01, 2.920256e+01, 3.561399e+00, 1.028777e+01, 1.613511e+01, 2.464271e+01, 2.067139e+01
2.363903e+01, 2.195526e+01, 2.494106e+01, 3.145402e+00, 9.140172e+00, 1.435960e+01, 1.843762e+01, 2.113869e+01, 2.187972e+01, 2.236365e+01
2.809077e+00, 8.170056e+00, 1.285418e+01, 1.653612e+01, 2.106602e+01, 1.900044e+01, 2.014864e+01, 2.522934e+00, 7.343443e+00, 1.156814e+01
1.490618e+01, 1.906254e+01, 1.716026e+01, 1.823430e+01, 2.286771e+00, 6.633924e+00, 1.046183e+01, 1.349988e+01, 1.731956e+01, 1.556710e+01
1.657081e+01, 1.148936e+01, 2.065919e+00, 6.020778e+00, 9.503937e+00, 1.227913e+01, 1.417997e+01, 1.307483e+01, 1.511778e+01, 1.881988e+00
5.487591e+00, 8.669550e+00, 1.121338e+01, 1.296580e+01, 1.199304e+01, 1.384230e+01, 1.382573e+01, 5.021244e+00, 7.938674e+00, 1.027800e+01
1.327721e+01, 1.189767e+01, 1.271744e+01, 1.271785e+01, 1.580030e+00, 4.611162e+00, 7.295132e+00, 9.452950e+00, 1.095360e+01, 1.172101e+01
1.173427e+01, 1.460015e+00, 4.248756e+00, 6.725741e+00, 8.721831e+00, 1.011548e+01, 1.083466e+01, 8.091836e+00, 1.085758e+01, 1.344650e+00
6.219679e+00, 8.071128e+00, 9.368324e+00, 7.052299e+00, 1.004312e+01, 1.007326e+01, 1.246031e+00, 3.640084e+00, 5.768004e+00, 7.489634e+00
8.699661e+00, 9.333597e+00, 9.369075e+00, 8.823238e+00, 3.383214e+00, 5.363279e+00, 6.968001e+00, 8.099041e+00, 8.695364e+00, 6.457096e+00
8.734716e+00, 1.078515e+00, 3.152370e+00, 6.498387e+00, 8.011052e+00, 7.557673e+00, 8.119347e+00, 8.161438e+00, 1.009777e+00, 2.944180e+00
4.670780e+00, 6.074177e+00, 7.068118e+00, 7.597847e+00, 7.641793e+00, 7.210308e+00, 9.424213e-01, 4.373344e+00, 5.689763e+00, 6.624053e+00
7.124299e+00, 7.169413e+00, 5.271605e+00, 8.860148e-01, 2.584807e+00, 4.103209e+00, 5.340369e+00, 6.220081e+00, 6.693083e+00, 6.738830e+00
6.364764e+00, 8.304030e-01, 3.857160e+00, 5.021906e+00, 5.851569e+00, 6.299368e+00, 6.345333e+00, 5.995774e+00, 7.835616e-01, 2.287043e+00
3.632438e+00, 5.514530e+00, 5.938983e+00, 1.206651e+01, 5.984843e+00, 5.657461e+00, 7.371287e-01, 3.426664e+00, 4.464199e+00, 5.205515e+00
5.608312e+00, 5.653820e+00, 5.346568e+00, 4.712562e+00, 2.657338e+00, 1.366045e+00, 8.375646e+00, 1.030890e+01, 1.340672e+00, 1.337778e+00
3.901059e+00, 6.155565e+00, 1.025142e+01, 7.943497e+00, 9.799466e+00, 1.019182e+01, 1.268298e+00, 3.699616e+00, 9.948747e+00, 5.840915e+00
9.324737e+00, 7.543032e+00, 9.694621e+00, 1.204000e+00, 3.513088e+00, 9.468173e+00, 5.549261e+00, 8.881836e+00, 7.171316e+00, 9.231278e+00
8.280527e+00, 6.230667e+00, 9.020052e+00, 8.825286e+00, 8.468155e+00, 1.499837e+01, 8.798943e+00, 1.197134e+01, 5.948097e+00, 8.232977e+00
2.134858e+00, 7.188072e+00, 1.156056e+01, 5.745235e+00, 3.330432e+01, 3.998301e+00, 2.048359e+00, 1.207442e+01, 9.377436e+00, 1.519425e+00
4.441105e+00, 4.416831e+00, 6.988500e+00, 6.925980e+00, 1.156606e+01, 8.969782e+00, 1.451730e+00, 4.244537e+00, 4.221798e+00, 6.683757e+00
1.026479e+01, 6.625104e+00, 8.586831e+00, 1.388320e+00, 4.060297e+00, 4.038970e+00, 6.397741e+00, 1.063428e+01, 6.342656e+00, 8.226737e+00
5.118706e+00, 8.129773e+00, 1.046608e+01, 9.435157e+00, 1.020710e+01, 7.073817e+00, 9.295937e+00, 4.930377e+00, 9.978256e+00, 1.005793e+01
9.525831e+00, 9.803444e+00, 9.869762e+00, 4.750880e+00, 9.308072e+00, 2.416848e+00, 9.671344e+00, 9.166638e+00, 6.563831e+00, 8.048644e+00
4.553154e+00, 8.959918e+00, 2.330773e+00, 6.382762e+00, 6.326961e+00, 7.754863e+00, 4.416655e+00, 4.391268e+00, 2.248650e+00, 6.154487e+00
2.102578e+01, 8.558753e+00, 4.261104e+00, 2.967998e+01, 2.176420e+00, 8.680414e+00, 4.238878e+00, 4.219555e+00, 8.784627e+00, 1.117266e+01
6.639427e+00, 6.590087e+00, 1.400001e+00, 1.107798e+01, 4.063309e+00, 8.469112e+00, 1.090025e+01, 6.397827e+00, 6.351005e+00, 2.676875e+00
1.071187e+01, 9.622575e+00, 8.169188e+00, 1.054174e+01, 8.087875e+00, 1.026947e+01, 1.036139e+01, 9.804735e+00, 9.292762e+00, 1.019849e+01
9.679688e+00, 9.177843e+00, 1.002580e+01, 4.827118e+00, 9.495920e+00, 9.742860e+00, 9.869800e+00, 3.694624e-14, 9.600959e+00, 9.704412e+00
9.199505e+00, 8.142443e+00, 9.554998e+00, 9.084293e+00, 1.599295e+01, 9.396570e+00, 8.914968e+00, 7.896478e+00, 6.368004e+00, 8.804366e+00
1.261044e+01, 4.416779e+00, 4.396110e+00, 8.641804e+00, 6.181114e+00, 7.586107e+00, 1.223786e+01, 4.289527e+00, 4.269589e+00, 7.432323e+00
6.001063e+00, 9.564076e-15, 1.187917e+01, 4.166786e+00, 4.147556e+00, 5.868645e+00, 2.118170e+00, 4.089749e-15, 8.140303e+00, 4.048404e+00
3.337536e+01, 3.171961e+01, 2.063412e+00, 8.223000e+00

        Approach1 Results:  deltaPz ( Entries 424 )

2.473060e+03, 2.431757e+03, 1.481258e+03, 9.107027e+02, 1.563426e+03, 1.537539e+03, 1.314143e+03, 1.007439e+03, 9.967673e+02, 3.620230e+02
4.262024e+02, 1.074941e+03, 5.849382e+02, 8.730608e+02, 8.544945e+02, 8.208854e+02, 1.921587e+02, 6.231186e+02, 8.195684e+02, 6.189374e+02
7.279849e+02, 7.125354e+02, 1.548063e+02, 5.847926e+02, 1.486775e+02, 2.751926e+02, 2.606953e+02, 6.130759e+02, 3.436035e+02, 3.208710e+02
3.264870e+02, 2.874795e+02, 2.970337e+02, 3.701135e+02, 3.540467e+02, 2.634520e+02, 3.266332e+02, 2.151310e+02, 3.706761e+02, 3.575755e+02
3.570480e+02, 2.540355e+02, 3.337985e+02, 3.043027e+02, 3.577311e+02, 3.466708e+02, 3.296908e+02, 3.277788e+02, 3.059232e+02, 2.121509e+02
3.388705e+02, 3.300352e+02, 3.178370e+02, 3.149368e+02, 2.990007e+02, 2.961222e+02, 2.783181e+02, 3.181960e+02, 3.111490e+02, 2.991163e+02
2.875628e+02, 2.839191e+02, 2.708805e+02, 2.985495e+02, 2.920985e+02, 2.857987e+02, 2.824674e+02, 1.999173e+02, 2.701774e+02, 2.363001e+02
2.784622e+02, 2.738893e+02, 2.600462e+02, 2.661197e+02, 2.561275e+02, 2.304421e+02, 2.449885e+02, 2.606876e+02, 2.569498e+02, 2.506226e+02
2.171166e+02, 2.424378e+02, 2.281555e+02, 2.332250e+02, 2.444970e+02, 2.414096e+02, 2.362059e+02, 2.258440e+02, 2.294451e+02, 2.181827e+02
2.217761e+02, 2.298272e+02, 2.272509e+02, 2.229289e+02, 2.147233e+02, 2.172961e+02, 2.083653e+02, 2.108666e+02, 2.165584e+02, 2.143875e+02
2.107638e+02, 2.042192e+02, 2.060308e+02, 2.006011e+02, 1.935766e+02, 2.050105e+02, 2.027069e+02, 1.996415e+02, 1.943866e+02, 1.956319e+02
1.910132e+02, 1.795668e+02, 1.861326e+02, 1.936736e+02, 1.920906e+02, 1.894757e+02, 1.860526e+02, 1.820964e+02, 1.739831e+02, 1.778969e+02
1.837932e+02, 1.824250e+02, 1.801771e+02, 1.772332e+02, 1.702347e+02, 1.738220e+02, 1.701870e+02, 1.747966e+02, 1.736056e+02, 1.716592e+02
1.691101e+02, 1.632725e+02, 1.661501e+02, 1.629858e+02, 1.668969e+02, 1.655383e+02, 1.638417e+02, 1.616205e+02, 1.567278e+02, 1.590367e+02
1.562671e+02, 1.506076e+02, 1.590605e+02, 1.581400e+02, 1.566520e+02, 1.547049e+02, 1.524369e+02, 1.467374e+02, 1.500002e+02, 1.521537e+02
1.513375e+02, 1.500249e+02, 1.483085e+02, 1.463073e+02, 1.414591e+02, 1.441530e+02, 1.419774e+02, 1.450664e+02, 1.439024e+02, 1.423817e+02
1.394297e+02, 1.406072e+02, 1.386937e+02, 1.367571e+02, 1.399225e+02, 1.392706e+02, 1.382333e+02, 1.368795e+02, 1.352988e+02, 1.335918e+02
1.318608e+02, 1.346973e+02, 1.339010e+02, 1.329723e+02, 1.317616e+02, 1.303474e+02, 1.288184e+02, 1.328184e+02, 1.272653e+02, 1.294446e+02
1.280794e+02, 1.269922e+02, 1.257219e+02, 1.223083e+02, 1.243470e+02, 1.229483e+02, 1.247540e+02, 1.242731e+02, 1.235192e+02, 1.225390e+02
1.213936e+02, 1.201528e+02, 1.188889e+02, 1.176713e+02, 1.199436e+02, 1.192606e+02, 1.183736e+02, 1.173371e+02, 1.162135e+02, 1.186975e+02
1.150675e+02, 1.162970e+02, 1.158968e+02, 1.144704e+02, 1.125369e+02, 1.135293e+02, 1.125084e+02, 1.114662e+02, 1.126217e+02, 1.121067e+02
1.115401e+02, 1.108065e+02, 1.099493e+02, 1.090190e+02, 1.080683e+02, 1.071488e+02, 1.088875e+02, 1.080319e+02, 1.073615e+02, 1.065785e+02
1.057283e+02, 1.048587e+02, 1.072830e+02, 1.056491e+02, 1.052074e+02, 1.047315e+02, 1.041172e+02, 1.033999e+02, 1.026208e+02, 1.018232e+02
1.010501e+02, 1.023469e+02, 1.016217e+02, 1.010573e+02, 1.003984e+02, 9.968247e+01, 9.894916e+01, 9.823761e+01, 9.947336e+01, 9.909077e+01
9.868678e+01, 9.756011e+01, 9.690069e+01, 9.700326e+01, 9.622485e+01, 9.556847e+01, 9.653380e+01, 9.591282e+01, 9.543268e+01, 9.487265e+01
9.426386e+01, 9.363957e+01, 9.303274e+01, 9.247404e+01, 9.160255e+01, 9.132673e+01, 8.944303e+01, 8.541416e+01, 9.018997e+01, 9.009852e+01
8.955405e+01, 8.860203e+01, 8.607436e+01, 8.732174e+01, 8.368553e+01, 8.432322e+01, 8.786679e+01, 8.736051e+01, 8.346947e+01, 8.647660e+01
8.200297e+01, 8.528739e+01, 8.255913e+01, 8.573585e+01, 8.526426e+01, 8.173216e+01, 8.444216e+01, 8.036693e+01, 8.333571e+01, 8.085059e+01
8.203020e+01, 7.815100e+01, 8.004992e+01, 8.061951e+01, 7.877743e+01, 7.849594e+01, 7.919654e+01, 7.719298e+01, 7.670845e+01, 7.784594e+01
7.561820e+01, 7.663968e+01, 7.609645e+01, 7.563510e+01, 7.494045e+01, 7.487475e+01, 7.438723e+01, 7.233263e+01, 7.483600e+01, 7.681382e+01
7.628465e+01, 7.609997e+01, 7.510395e+01, 7.481224e+01, 7.118678e+01, 7.346076e+01, 7.526011e+01, 7.476829e+01, 7.458974e+01, 7.366336e+01
7.151445e+01, 7.338059e+01, 7.212229e+01, 7.375985e+01, 7.330222e+01, 7.312958e+01, 7.226701e+01, 6.894483e+01, 7.199295e+01, 7.082023e+01
6.286610e+01, 7.046212e+01, 6.685194e+01, 6.909883e+01, 6.785165e+01, 6.314135e+01, 6.867590e+01, 6.220413e+01, 6.724812e+01, 6.587066e+01
6.456210e+01, 6.677840e+01, 6.540410e+01, 6.153040e+01, 6.403355e+01, 6.082434e+01, 6.490216e+01, 6.368253e+01, 6.168289e+01, 6.243007e+01
6.073823e+01, 6.315829e+01, 6.017005e+01, 6.112449e+01, 6.094796e+01, 6.163303e+01, 6.015971e+01, 6.004919e+01, 5.950869e+01, 6.038881e+01
5.966381e+01, 5.972284e+01, 5.946783e+01, 5.897161e+01, 5.889605e+01, 5.872512e+01, 6.357876e+01, 6.345540e+01, 6.146038e+01, 5.845240e+01
6.231418e+01, 6.212247e+01, 6.313622e+01, 5.634452e+01, 6.244149e+01, 6.058310e+01, 5.607502e+01, 6.136389e+01, 6.117632e+01, 4.979330e+01
5.578136e+01, 5.856497e+01, 5.972069e+01, 5.550894e+01, 5.948194e+01, 5.681423e+01, 5.521261e+01, 5.362899e+01, 5.780054e+01, 5.493816e+01
5.343770e+01, 5.752765e+01, 5.464006e+01, 4.984376e+01, 5.314819e+01, 5.577337e+01, 5.436435e+01, 4.891160e+01, 5.548151e+01, 5.406526e+01
5.265976e+01, 5.138023e+01, 5.378898e+01, 5.246265e+01, 5.197205e+01, 5.348962e+01, 5.216542e+01, 5.095996e+01, 4.987763e+01, 5.196636e+01
5.023303e+01, 4.893523e+01, 4.888291e+01, 5.166665e+01, 4.950655e+01, 5.039225e+01, 4.983060e+01, 4.860289e+01, 4.854859e+01, 5.009510e+01
4.912536e+01, 4.778572e+01, 4.942014e+01, 4.825888e+01, 4.820286e+01, 4.882987e+01, 4.764667e+01, 4.746853e+01, 4.816211e+01, 4.790478e+01
4.749700e+01, 4.741041e+01, 4.733871e+01, 4.716293e+01

   Edges of the Bins, mkm ( Entries 424 )

2.990000, 3.388000, 4.184000, 5.378000, 5.776000, 6.174000, 6.572000, 7.368000, 7.766000, 8.164000
8.562000, 8.960000, 9.358000, 9.756000, 10.154000, 10.552000, 10.950000, 11.348000, 11.746000, 12.144000
12.542000, 12.940000, 13.338000, 13.736000, 14.134000, 14.532000, 14.930000, 15.328000, 15.726000, 16.124000
16.522000, 16.920000, 17.318000, 17.716000, 18.114000, 18.512000, 18.910000, 19.308000, 19.706000, 20.104000
20.502000, 20.900000, 21.298000, 21.696000, 22.094000, 22.492000, 22.890000, 23.288000, 23.686000, 24.084000
24.482000, 24.880000, 25.278000, 25.676000, 26.074000, 26.472000, 26.870000, 27.268000, 27.666000, 28.064000
28.462000, 28.860000, 29.258000, 29.656000, 30.054000, 30.452000, 30.850000, 31.248000, 31.646000, 32.044000
32.442000, 32.840000, 33.238000, 33.636000, 34.034000, 34.432000, 34.830000, 35.228000, 35.626000, 36.024000
36.422000, 36.820000, 37.218000, 37.616000, 38.014000, 38.412000, 38.810000, 39.208000, 39.606000, 40.004000
40.402000, 40.800000, 41.198000, 41.596000, 41.994000, 42.392000, 42.790000, 43.188000, 43.586000, 43.984000
44.382000, 44.780000, 45.178000, 45.576000, 45.974000, 46.372000, 46.770000, 47.168000, 47.566000, 47.964000
48.362000, 48.760000, 49.158000, 49.556000, 49.954000, 50.352000, 50.750000, 51.148000, 51.546000, 51.944000
52.342000, 52.740000, 53.138000, 53.536000, 53.934000, 54.332000, 54.730000, 55.128000, 55.526000, 55.924000
56.322000, 56.720000, 57.118000, 57.516000, 57.914000, 58.312000, 58.710000, 59.108000, 59.506000, 59.904000
60.302000, 60.700000, 61.098000, 61.496000, 61.894000, 62.292000, 62.690000, 63.088000, 63.486000, 63.884000
64.282000, 64.680000, 65.078000, 65.476000, 65.874000, 66.272000, 66.670000, 67.068000, 67.466000, 67.864000
68.262000, 68.660000, 69.058000, 69.456000, 69.854000, 70.252000, 70.650000, 71.048000, 71.446000, 71.844000
72.242000, 72.640000, 73.038000, 73.436000, 73.834000, 74.232000, 74.630000, 75.028000, 75.426000, 75.824000
76.222000, 76.620000, 77.018000, 77.416000, 77.814000, 78.212000, 78.610000, 79.008000, 79.406000, 79.804000
80.202000, 80.600000, 80.998000, 81.396000, 81.794000, 82.192000, 82.590000, 82.988000, 83.386000, 83.784000
84.182000, 84.580000, 84.978000, 85.376000, 85.774000, 86.172000, 86.570000, 86.968000, 87.366000, 87.764000
88.162000, 88.560000, 88.958000, 89.356000, 89.754000, 90.152000, 90.550000, 90.948000, 91.346000, 91.744000
92.142000, 92.540000, 92.938000, 93.336000, 93.734000, 94.132000, 94.530000, 94.928000, 95.326000, 95.724000
96.122000, 96.520000, 96.918000, 97.316000, 97.714000, 98.112000, 98.510000, 98.908000, 99.306000, 99.704000
100.102000, 100.500000, 100.898000, 101.296000, 101.694000, 102.092000, 102.490000, 102.888000, 103.286000, 103.684000
104.082000, 104.480000, 104.878000, 105.276000, 105.674000, 106.072000, 106.470000, 106.868000, 107.266000, 107.664000
108.062000, 108.460000, 108.858000, 109.256000, 109.654000, 110.052000, 110.450000, 110.848000, 111.246000, 111.644000
112.042000, 112.440000, 112.838000, 113.236000, 113.634000, 114.032000, 114.430000, 114.828000, 115.226000, 115.624000
116.022000, 116.420000, 116.818000, 117.216000, 117.614000, 118.012000, 118.410000, 118.808000, 119.206000, 119.604000
120.002000, 120.400000, 120.798000, 121.196000, 121.594000, 121.992000, 122.390000, 122.788000, 123.186000, 123.584000
123.982000, 124.380000, 124.778000, 125.176000, 125.574000, 125.972000, 126.370000, 126.768000, 127.166000, 127.564000
127.962000, 128.360000, 128.758000, 129.156000, 129.554000, 129.952000, 130.350000, 130.748000, 131.146000, 131.544000
131.942000, 132.340000, 132.738000, 133.136000, 133.534000, 133.932000, 134.330000, 134.728000, 135.126000, 135.524000
135.922000, 136.320000, 136.718000, 137.116000, 137.514000, 137.912000, 138.310000, 138.708000, 139.106000, 139.504000
139.902000, 140.300000, 140.698000, 141.096000, 141.494000, 141.892000, 142.290000, 142.688000, 143.086000, 143.484000
143.882000, 144.280000, 144.678000, 145.076000, 145.474000, 145.872000, 146.270000, 146.668000, 147.066000, 147.464000
147.862000, 148.260000, 148.658000, 149.056000, 149.454000, 149.852000, 150.250000, 150.648000, 151.046000, 151.444000
151.842000, 152.240000, 152.638000, 153.036000, 153.434000, 153.832000, 154.230000, 154.628000, 155.026000, 155.424000
155.822000, 156.220000, 156.618000, 157.016000, 157.414000, 157.812000, 158.210000, 158.608000, 159.006000, 159.404000
159.802000, 160.200000, 160.598000, 160.996000, 161.394000, 161.792000, 162.190000, 162.588000, 162.986000, 163.384000
163.782000, 164.180000, 164.578000, 164.976000, 165.374000, 165.772000, 166.170000, 166.568000, 166.966000, 167.364000
167.762000, 168.160000, 168.558000, 168.956000, 169.354000, 169.752000, 170.150000, 170.548000, 170.946000, 171.344000
171.742000, 172.140000, 172.538000, 172.936000
