
                nIpmactParameters= 50
V_ion,cm/s         1.677532e+05            7.059633e+05            3.485293e+06            1.720665e+07            8.494808e+07            4.193829e+08   

       i      Rho,cm     DeltaE,eV    Rho,cm     DeltaE,eV    Rho,cm     DeltaE,eV    Rho,cm     DeltaE,eV    Rho,cm     DeltaE,eV    Rho,cm     DeltaE,eV

       0    1.6227e-03  6.4639e-09  1.6268e-03  6.4930e-09  1.6426e-03  6.4335e-09  1.6438e-03  6.4256e-09  1.6560e-03  6.3523e-09  1.6809e-03  6.2336e-09
       1    1.6910e-03  6.1944e-09  1.7037e-03  6.1950e-09  1.7538e-03  6.0238e-09  1.7577e-03  6.0072e-09  1.7970e-03  5.8478e-09  1.8793e-03  5.5556e-09
       2    1.7622e-03  5.9283e-09  1.7842e-03  5.9015e-09  1.8726e-03  5.6237e-09  1.8796e-03  5.5989e-09  1.9501e-03  5.3594e-09  2.1012e-03  4.9109e-09
       3    1.8364e-03  5.6663e-09  1.8686e-03  5.6131e-09  1.9994e-03  5.2352e-09  2.0098e-03  5.2028e-09  2.1162e-03  4.8904e-09  2.3493e-03  4.3066e-09
       4    1.9137e-03  5.4089e-09  1.9569e-03  5.3306e-09  2.1348e-03  4.8597e-09  2.1491e-03  4.8205e-09  2.2965e-03  4.4434e-09  2.6267e-03  3.7480e-09
       5    1.9942e-03  5.1563e-09  2.0494e-03  5.0544e-09  2.2794e-03  4.4986e-09  2.2981e-03  4.4534e-09  2.4921e-03  4.0205e-09  2.9368e-03  3.2384e-09
       6    2.0782e-03  4.9091e-09  2.1463e-03  4.7852e-09  2.4337e-03  4.1531e-09  2.4574e-03  4.1026e-09  2.7044e-03  3.6233e-09  3.2836e-03  2.7790e-09
       7    2.1656e-03  4.6677e-09  2.2478e-03  4.5234e-09  2.5986e-03  3.8239e-09  2.6277e-03  3.7691e-09  2.9348e-03  3.2528e-09  3.6713e-03  2.3695e-09
       8    2.2568e-03  4.4323e-09  2.3540e-03  4.2694e-09  2.7745e-03  3.5118e-09  2.8098e-03  3.4534e-09  3.1848e-03  2.9095e-09  4.1048e-03  2.0084e-09
       9    2.3518e-03  4.2033e-09  2.4653e-03  4.0235e-09  2.9624e-03  3.2170e-09  3.0046e-03  3.1559e-09  3.4562e-03  2.5931e-09  4.5894e-03  1.6930e-09
      10    2.4508e-03  3.9809e-09  2.5819e-03  3.7861e-09  3.1630e-03  2.9397e-09  3.2128e-03  2.8767e-09  3.7506e-03  2.3035e-09  5.1313e-03  1.4199e-09
      11    2.5539e-03  3.7653e-09  2.7039e-03  3.5573e-09  3.3773e-03  2.6801e-09  3.4355e-03  2.6159e-09  4.0701e-03  2.0396e-09  5.7372e-03  1.1853e-09
      12    2.6614e-03  3.5567e-09  2.8318e-03  3.3374e-09  3.6060e-03  2.4371e-09  3.6736e-03  2.3731e-09  4.4168e-03  1.8005e-09  6.4146e-03  9.8525e-10
      13    2.7734e-03  3.3553e-09  2.9656e-03  3.1264e-09  3.8502e-03  2.2118e-09  3.9282e-03  2.1480e-09  4.7930e-03  1.5849e-09  7.1719e-03  8.1582e-10
      14    2.8902e-03  3.1610e-09  3.1059e-03  2.9244e-09  4.1109e-03  2.0030e-09  4.2005e-03  1.9399e-09  5.2014e-03  1.3914e-09  8.0187e-03  6.7315e-10
      15    3.0118e-03  2.9741e-09  3.2527e-03  2.7314e-09  4.3893e-03  1.8101e-09  4.4916e-03  1.7483e-09  5.6444e-03  1.2183e-09  8.9655e-03  5.5367e-10
      16    3.1386e-03  2.7945e-09  3.4065e-03  2.5473e-09  4.6865e-03  1.6325e-09  4.8029e-03  1.5724e-09  6.1253e-03  1.0643e-09  1.0024e-02  4.5407e-10
      17    3.2707e-03  2.6222e-09  3.5675e-03  2.3722e-09  5.0039e-03  1.4695e-09  5.1358e-03  1.4114e-09  6.6471e-03  9.2755e-10  1.1208e-02  3.7143e-10
      18    3.4084e-03  2.4573e-09  3.7361e-03  2.2058e-09  5.3428e-03  1.3203e-09  5.4918e-03  1.2644e-09  7.2133e-03  8.0667e-10  1.2531e-02  3.0310e-10
      19    3.5518e-03  2.2761e-09  3.9128e-03  2.0480e-09  5.7046e-03  1.1840e-09  5.8724e-03  1.1307e-09  7.8278e-03  7.0012e-10  1.4010e-02  2.4682e-10
      20    3.7013e-03  2.1259e-09  4.0978e-03  1.8872e-09  6.0909e-03  1.0599e-09  6.2794e-03  1.0087e-09  8.4946e-03  6.0641e-10  1.5665e-02  2.0060e-10
      21    3.8571e-03  1.9828e-09  4.2915e-03  1.7463e-09  6.5034e-03  9.4709e-10  6.7146e-03  8.9870e-10  9.2183e-03  5.2432e-10  1.7514e-02  1.6275e-10
      22    4.0195e-03  1.8467e-09  4.4944e-03  1.6134e-09  6.9438e-03  8.4483e-10  7.1800e-03  7.9930e-10  1.0004e-02  4.5255e-10  1.9582e-02  1.3183e-10
      23    4.1886e-03  1.7174e-09  4.7068e-03  1.4883e-09  7.4141e-03  7.5163e-10  7.6776e-03  7.0966e-10  1.0856e-02  3.8993e-10  2.1894e-02  1.0662e-10
      24    4.3649e-03  1.5949e-09  4.9293e-03  1.3707e-09  7.9162e-03  6.6811e-10  8.2098e-03  6.2900e-10  1.1781e-02  3.3543e-10  2.4479e-02  8.6121e-11
      25    4.5487e-03  1.4788e-09  5.1624e-03  1.2604e-09  8.4523e-03  5.9285e-10  8.7788e-03  5.5655e-10  1.2784e-02  2.8802e-10  2.7370e-02  6.9474e-11
      26    4.7401e-03  1.3691e-09  5.4064e-03  1.1571e-09  9.0247e-03  5.2515e-10  9.3873e-03  4.9104e-10  1.3873e-02  2.4696e-10  3.0601e-02  5.5977e-11
      27    4.9396e-03  1.2425e-09  5.6620e-03  1.0490e-09  9.6358e-03  4.6436e-10  1.0038e-02  4.3292e-10  1.5055e-02  2.1142e-10  3.4214e-02  4.5052e-11
      28    5.1475e-03  1.1457e-09  5.9297e-03  9.5911e-10  1.0288e-02  4.0918e-10  1.0734e-02  3.8098e-10  1.6337e-02  1.8064e-10  3.8254e-02  3.6218e-11
      29    5.3642e-03  1.0547e-09  6.2100e-03  8.7537e-10  1.0985e-02  3.6042e-10  1.1478e-02  3.3411e-10  1.7729e-02  1.5412e-10  4.2771e-02  2.9083e-11
      30    5.5900e-03  9.6932e-10  6.5036e-03  7.9747e-10  1.1729e-02  3.1617e-10  1.2273e-02  2.9286e-10  1.9239e-02  1.3121e-10  4.7821e-02  2.3327e-11
      31    5.8252e-03  8.8924e-10  6.8111e-03  7.2512e-10  1.2523e-02  2.7732e-10  1.3124e-02  2.5564e-10  2.0878e-02  1.1155e-10  5.3467e-02  1.8688e-11
      32    6.0704e-03  7.9260e-10  7.1331e-03  6.4733e-10  1.3371e-02  2.4204e-10  1.4033e-02  2.2309e-10  2.2657e-02  9.4591e-11  5.9780e-02  1.4950e-11
      33    6.3259e-03  7.2373e-10  7.4703e-03  5.8577e-10  1.4277e-02  2.1130e-10  1.5006e-02  1.9371e-10  2.4587e-02  8.0024e-11  6.6838e-02  1.1943e-11
      34    6.5922e-03  6.5955e-10  7.8234e-03  5.1813e-10  1.5244e-02  1.8336e-10  1.6046e-02  1.6766e-10  2.6682e-02  6.7529e-11  7.4730e-02  9.5234e-12
      35    6.8697e-03  5.7904e-10  8.1933e-03  4.6640e-10  1.6276e-02  1.5855e-10  1.7158e-02  1.4516e-10  2.8954e-02  5.6765e-11  8.3554e-02  7.5790e-12
      36    7.1588e-03  5.2499e-10  8.5806e-03  4.1884e-10  1.7378e-02  1.3657e-10  1.8347e-02  1.2481e-10  3.1421e-02  4.7551e-11  9.3419e-02  6.0161e-12
      37    7.4601e-03  4.7490e-10  8.9863e-03  3.6544e-10  1.8555e-02  1.1715e-10  1.9619e-02  1.0636e-10  3.4098e-02  3.9676e-11  1.0445e-01  4.7616e-12
      38    7.7741e-03  4.0992e-10  9.4111e-03  3.1628e-10  1.9812e-02  1.0004e-10  2.0979e-02  9.0625e-11  3.7002e-02  3.2959e-11  1.1678e-01  3.7542e-12
      39    8.1013e-03  3.6868e-10  9.8560e-03  2.8132e-10  2.1154e-02  8.4386e-11  2.2433e-02  7.6337e-11  4.0155e-02  2.7185e-11  1.3057e-01  2.9463e-12
      40    8.4423e-03  3.1345e-10  1.0322e-02  2.4048e-10  2.2586e-02  7.1265e-11  2.3988e-02  6.4338e-11  4.3575e-02  2.2280e-11  1.4599e-01  2.2977e-12
      41    8.7977e-03  2.6307e-10  1.0810e-02  2.0365e-10  2.4116e-02  5.9260e-11  2.5650e-02  5.2971e-11  4.7287e-02  1.8075e-11  1.6322e-01  1.7782e-12
      42    9.1680e-03  2.1773e-10  1.1321e-02  1.7075e-10  2.5749e-02  4.8277e-11  2.7428e-02  4.3578e-11  5.1316e-02  1.4477e-11  1.8250e-01  1.3609e-12
      43    9.5538e-03  1.9325e-10  1.1856e-02  1.4166e-10  2.7493e-02  3.8802e-11  2.9329e-02  3.5084e-11  5.5687e-02  1.1410e-11  2.0404e-01  1.0270e-12
      44    9.9560e-03  1.5702e-10  1.2417e-02  1.1622e-10  2.9354e-02  3.0732e-11  3.1362e-02  2.7446e-11  6.0431e-02  8.8133e-12  2.2813e-01  7.5914e-13
      45    1.0375e-02  1.1241e-10  1.3004e-02  8.7394e-11  3.1342e-02  2.3480e-11  3.3535e-02  2.1039e-11  6.5579e-02  6.5448e-12  2.5507e-01  5.4452e-13
      46    1.0812e-02  8.7022e-11  1.3618e-02  6.3265e-11  3.3465e-02  1.7081e-11  3.5860e-02  1.5077e-11  7.1165e-02  4.6769e-12  2.8519e-01  3.7297e-13
      47    1.1267e-02  5.6051e-11  1.4262e-02  4.3812e-11  3.5731e-02  1.1226e-11  3.8345e-02  1.0037e-11  7.7228e-02  3.0345e-12  3.1886e-01  2.3515e-13
      48    1.1741e-02  3.2758e-11  1.4937e-02  2.4619e-11  3.8151e-02  6.2326e-12  4.1003e-02  5.5168e-12  8.3806e-02  1.6757e-12  3.5651e-01  1.2536e-13
      49    1.2235e-02  1.1667e-11  1.5643e-02  6.6725e-12  4.0735e-02  1.9607e-12  4.3845e-02  1.7580e-12  9.0946e-02  5.1541e-13  3.9860e-01  3.7183e-14